name: ccgvae
channels:
- rdkit
- defaults
dependencies:
- _tflow_select=2.1.0=gpu
- absl-py=0.4.1=py35_0
- astor=0.7.1=py35_0
- blas=1.0=mkl
- bzip2=1.0.6=h14c3975_5
- ca-certificates=2018.03.07=0
- cairo=1.14.12=h8948797_3
- certifi=2018.8.24=py35_1
- cudatoolkit=9.2=0
- cudnn=7.3.1=cuda9.2_0
- cupti=9.2.148=0
- fontconfig=2.13.0=h9420a91_0
- freetype=2.9.1=h8a8886c_1
- gast=0.2.0=py35_0
- glib=2.56.2=hd408876_0
- grpcio=1.12.1=py35hdbcaa40_0
- icu=58.2=h9c2bf20_1
- intel-openmp=2019.1=144
- jpeg=9b=h024ee3a_2
- libboost=1.65.1=habcd387_4
- libedit=3.1.20170329=h6b74fdf_2
- libffi=3.2.1=hd88cf55_4
- libgcc-ng=8.2.0=hdf63c60_1
- libgfortran-ng=7.3.0=hdf63c60_0
- libpng=1.6.35=hbc83047_0
- libprotobuf=3.6.0=hdbcaa40_0
- libstdcxx-ng=8.2.0=hdf63c60_1
- libtiff=4.0.9=he85c1e1_2
- libuuid=1.0.3=h1bed415_2
- libxcb=1.13=h1bed415_1
- libxml2=2.9.8=h26e45fe_1
- markdown=2.6.11=py35_0
- mkl=2018.0.3=1
- mkl_fft=1.0.6=py35h7dd41cf_0
- mkl_random=1.0.1=py35h4414c95_1
- ncurses=6.1=he6710b0_1
- numpy=1.14.5
- numpy-base=1.14.5
- olefile=0.46=py35_0
- openssl=1.0.2p=h14c3975_0
- pandas=0.23.4=py35h04863e7_0
- pcre=8.42=h439df22_0
- pillow=5.2.0=py35heded4f4_0
- pip=10.0.1=py35_0
- pixman=0.34.0=hceecf20_3
- protobuf=3.6.0=py35hf484d3e_0
- py-boost=1.65.1=py35hf484d3e_4
- python=3.5.6=hc3d631a_0
- python-dateutil=2.7.3=py35_0
- pytz=2018.5=py35_0
- readline=7.0=h7b6447c_5
- setuptools=39.1.0
- six=1.11.0=py35_1
- sqlite=3.25.3=h7b6447c_0
- tensorboard=1.10.0=py35hf484d3e_0
- tensorflow=1.10.0=gpu_py35hd9c640d_0
- tensorflow-base=1.10.0=gpu_py35had579c0_0
- tensorflow-gpu=1.10.0=hf154084_0
- termcolor=1.1.0=py35_1
- tk=8.6.8=hbc83047_0
- werkzeug=0.14.1=py35_0
- wheel=0.31.1=py35_0
- xz=5.2.4=h14c3975_4
- zlib=1.2.11=h7b6447c_3
- rdkit=2018.03.4.0=py35h71b666b_1
- pip:
  - bleach==1.5.0
  - cython==0.29.1
  - docopt==0.6.2
  - html5lib==0.9999999
  - mkl-fft==1.0.6
  - mkl-random==1.0.1
  - planarity==0.4.1
  - tensorflow-tensorboard==0.1.8
  - typing==3.6.6
prefix: /home/user/Programs/miniconda/envs/givae

